261
3140
8127
6207
8941
8692
8643
8923
8700
153
3531
598
3685
9338
7832
2111
3748
7619
2457
9079
7118
687
3170
6924
9663
5097
8569
9923
4714
9681
7395
4975
2822
5522
7534
8115
4214
2529
3390
9267
2682
3273
9865
6367
2612
4050
4830
6360
8021
3639
1791
5139
679
1314
8416
342
6411
6985
6617
1125
6667
4013
2452
5841
5887
9986
308
6454
2515
3698
5721
5197
6971
1938
7916
5935
5988
9099
2295
361
9090
439
1853
9769
1753
269
6463
4516
3606
3081
5641
273
3446
8093
2466
5685
4431
2774
8491
6946
2824
564
8495
6148
2503
6411
2083
4843
1862
731
5205
953
7522
7058
7074
9275
3679
3538
143
7285
6619
2136
3911
6417
6581
2729
2102
1012
1856
594
4310
4680
1158
2805
7180
13
5568
9264
1209
3783
6347
2766
4736
3869
6176
1810
9496
9855
1700
9639
3492
8319
8127
7403
1088
4708
6485
3191
5720
8341
137
30
9373
7647
9187
6554
4013
4755
2170
5222
8538
4869
7988
9626
8738
4164
7789
4586
371
9489
577
3863
4161
8704
7619
5249
3412
4104
4792
9132
8797
4929
5514
8170
8929
1053
1076
2942
5808
9598
8164
699
4467
2504
6677
9557
3020
818
4143
3391
308
4720
3606
821
3424
1225
6070
3188
1681
7215
8672
478
2144
4186
5001
7425
5239
2429
367
7400
8380
4883
4451
2847
3739
7480
8757
6759
8299
2900
6502
4959
3973
109
5780
3749
7686
8202
6938
9368
5417
1962
6198
3914
2501
7551
1339
7740
6333
8059
1492
4713
9294
2295
3912
3034
9776
2669
6145
4427
1922
9000
9386
5895
9109
1518
5996
3147
9720
9286
8867
5138
1249
1418
5404
3750
8969
6743
7842
5302
1154
5687
6367
449
7982
280
9835
4110
2949
5980
4889
4871
4980
627
7118
441
2145
3115
3589
8218
8753
8808
9708
2
226
5112
104
9196
8207
4299
850
9362
9986
7218
6163
4320
7498
5998
4783
6799
1978
9672
1671
3311
6652
8789
3752
8797
8256
3693
3367
7010
2502
3075
3364
2728
4539
9821
8276
2747
4120
5479
8461
458
9049
4624
4778
2899
622
5913
9698
8952
1938
1369
2263
8590
6511
2368
3739
4767
2413
7107
8129
4915
6534
7846
3996
1074
7667
8624
173
1787
455
8634
2245
9504
3258
3375
2403
232
9289
2102
5536
7579
9823
7800
6169
6334
6520
9908
7454
8933
3367
5583
201
9902
9781
4197
7328
7448
9173
7501
5587
9629
6135
4184
5485
5745
7560
7889
2329
3201
6343
7865
780
6166
2017
3301
8853
8537
9561
6307
7471
2929
8242
7672
9183
8024
8221
2863
1824
3746
364
7412
3375
2851
1596
8861
4948
5508
3102
7277
5061
9445
1494
5841
1963
3512
5494
816
2049
5056
3475
5872
4337
1718
9896
9872
6094
4469
2735
7918
8216
3099
5330
7943
2302
3279
3156
7250
8787
6258
879
3849
2055
2373
6042
4019
5885
1537
1187
4287
2945
4663
159
7282
2733
6408
7154
8827
877
9889
3097
5445
9340
4780
3389
1642
8059
6545
5244
3198
9156
6123
3399
1211
8496
5794
1582
4382
7331
2770
5021
6628
3785
5180
3910
6518
7940
7416
1697
8818
3657
4794
4263
9349
5926
4004
991
3985
550
2587
3536
6058
8710
6935
3621
3558
9081
1556
4292
2764
678
9313
9392
4463
846
9654
7333
8786
7070
9030
3956
727
176
4572
76
6103
8576
7419
6440
5478
6358
9976
1536
1420
3264
1510
4979
2345
3066
9271
5110
3744
4937
854
4559
5783
509
1892
921
7579
922
4878
4659
1098
5802
1087
3553
4378
4859
9994
9857
1217
9970
7745
2638
9586
5607
3969
8284
8673
3240
9746
8769
4529
600
3328
312
1109
5220
7586
5041
2494
8816
9700
9945
4618
7139
3498
8996
1998
3492
5205
9568
9815
9303
8558
5753
4910
2527
4037
3584
2119
3783
2353
6649
4384
2034
3313
5493
7254
899
534
9749
9715
6586
9694
4333
3726
3192
9682
2076
3037
4887
7996
2852
4190
6554
8605
9101
5433
8995
9037
7553
2778
7742
554
3514
9776
219
5360
7031
1119
2246
3132
7186
8833
9178
7872
8911
8722
7554
7339
1759
8793
5336
963
9336
8242
5921
8437
3676
4916
3826
7581
4046
1568
4487
7561
1345
4706
9273
4728
2177
1519
7860
5716
352
3390
3588
5615
2112
7494
2955
224
2639
4643
7539
1975
2885
9812
6764
6561
1080
590
494
5127
2159
4981
9040
9856
9688
8313
4584
8217
9832
8796
3933
6537
8538
7521
8504
7002
1367
1459
7226
4007
6102
1118
5982
5340
930
9099
1901
2011
9689
2396
3490
8200
3729
8882
8056
3417
7195
8992
7987
3379
4140
1920
6268
2678
5794
1125
9681
7161
8936
3259
7520
1391
729
9855
6731
1660
8954
8632
23
4995
7380
9865
3196
7462
8747
7604
7231
5942
2949
5218
5673
7089
7139
8294
9768
2933
9419
5801
6446
8355
9060
3967
9746
9790
174
6477
7802
9128
1462
7825
4123
5194
7690
3671
2656
2789
7628
9888
5083
577
5106
756
7666
8597
5402
7434
7882
4821
3235
4329
9529
8648
4648
9275
8438
4822
2105
2592
302
9919
417
777
5113
4459
4449
4122
3600
2077
362
8683
9006
1820
9439
6672
418
4842
459
8300
6015
46
8981
5544
8694
9981
1172
3484
4803
9629
6076
1457
9548
2845
2235
1013
3656
3036
1487
7256
1465
1849
5939
471
3670
1731
7143
440
2925
3954
5092
5292
4001
4074
837
2695
4055
8361
2532
5211
4342
4960
3020
3890
7806
5255
1255
7814
4643
2743
1423
6108
944
7362
6579
4614
5445
75
5054
8370
4029
6499
3663
8030
573
852
7078
980
5565
5962
2543
9907
922
5564
149
5080
7171
1404
9247
1815
499
670
4275
1444
4384
7207
2410
9830
7282
3817
4552
7663
316
8215
2046
7241
5419
5476
8221
984
1438
7117
7243
8712
2681
7392
3793
6204
5149
3040
4371
2000
62
8647
3444
4446
2206
2207
628
9488
6024
5181
3503
2692
9748
5549
9933
5168
1025
4506
6152
2463
1623
9748
7528
656
7140
1321
6861
8641
713
7584
642
775
6231
438
1573
8437
2645
2202
4277
5021
7383
4133
7713
7131
9682
7646
2299
708
2153
4804
9523
128
904
7051
785
8044
4724
3998
6686
1789
1582
7328
2564
4166
4118
490
8955
6764
2692
9585
1785
6427
3718
5851
3558
3400
9849
2210
460
8354
3366
6336
8483
4270
9739
5620
8666
816
5970
1704
2605
7552
5384
1522
8070
9503
2012
3378
6267
1056
2963
4404
7483
3033
6607
7393
2785
6457
5955
3246
4811
5673
5934
9646
6295
2025
5266
4962
2841
1236
6666
1799
5141
8403
3321
9563
7906
1685
2941
4173
9093
2256
4929
6576
5289
1537
321
8075
7994
2629
7673
9157
8302
3607
8804
4598
1984
422
5912
1178
1659
8930
2977
3152
7333
2650
2715
5239
687
2009
5764
9780
4265
7046
2708
9555
4935
9381
7630
2929
2010
5303
8438
313
5262
7242
1263
3598
7665
3527
4776
5676
8809
4105
5180
2495
3107
7895
7734
146
9904
9851
9926
4170
3249
8986
77
8184
8368
4059
7465
378
9362
5903
7043
976
9498
8306
926
3515
8185
2055
9191
6995
6160
4371
9490
5620
8618
3576
5766
4875
9779
2045
5397
3028
1031
5474
1212
9399
9533
8677
6130
5247
4581
3173
2575
4079
7832
3501
3946
6017
5556
3137
9364
8069
3860
8854
3689
8830
8783
9455
3705
8562
1500
9102
1591
8884
4576
9155
4635
461
7833
765
5708
8766
291
8283
9197
8123
1785
3143
4140
3693
2632
3505
1762
6492
8711
5451
1674
7494
1259
5380
6057
9111
834
4000
4347
1763
3155
8983
2224
988
6100
7933
6106
6391
2568
5303
4514
705
8446
5007
4399
1078
4864
2513
3922
3575
4317
1949
7422
5576
7329
3479
1039
4515
3831
5387
6278
6986
4370
8503
4327
6822
2788
433
3214
5356
2089
7728
6062
535
2735
6813
7966
7599
9326
8240
7527
3643
189
4949
5571
7518
4780
6611
8386
8611
8350
4664
1949
9072
3167
2628
5894
2307
9414
9108
7664
1503
3189
78
2038
5924
6891
6356
9876
2569
4597
3755
6213
4786
8704
8136
8657
9836
1099
7043
8447
9449
8059
6748
4873
7579
9377
768
9886
8791
6228
7550
294
9417
3980
8684
1694
871
1393
1570
3441
5990
1677
6006
7128
381
4142
2137
6569
1594
5532
1368
1043
3592
8116
5917
1171
3845
3037
1057
2636
9265
4960
9282
8683
8940
4319
377
6164
5712
8299
5957
8054
9976
8315
1534
6709
8809
3672
3278
403
9204
4646
1447
2796
9114
3716
319
2960
6753
1377
1948
6018
2689
7583
1053
7981
1902
7782
4145
3966
6081
6454
8372
2409
4769
9906
5470
3579
3578
5100
3982
9135
6098
1781
8283
1565
5497
8603
4525
8602
6332
6473
973
9021
4056
2026
7002
2310
9809
7500
2628
2242
306
1000
1004
5076
907
2826
5007
837
7927
8989
6324
377
7123
4608
1942
8972
3211
6467
7575
9543
9293
8548
4916
9701
574
8270
8364
6735
5770
992
5330
2429
8345
6334
7505
5604
9160
2512
2793
3439
7853
9118
3817
1328
3726
2111
301
6937
4931
7876
2832
4224
6424
7748
277
3350
6018
4993
6438
8141
5986
1768
570
683
8102
4427
6287
3614
3291
9080
7054
1144
8198
7223
2473
8276
9334
2774
1565
4265
7002
4397
4841
9778
2145
1471
3128
4516
6464
5918
9009
8802
7686
9579
9485
2140
4006
5772
5755
3649
1205
9161
4793
5755
6384
3618
4032
5718
2744
5597
9984
6098
6347
1177
5876
4844
2648
5357
9360
9113
1275
4721
4267
8962
4300
3753
7454
4658
5877
3209
8307
7082
2370
9453
9190
8754
9423
9574
825
8520
5171
7161
4618
7870
8338
6847
2715
7339
2204
8427
2804
9831
3149
7071
8793
3801
824
2600
4812
3054
5809
9471
136
4532
5276
5678
9638
4700
5252
463
9572
6776
3976
542
4646
8667
7389
3713
6006
9593
2141
8810
9425
1642
5881
4570
1795
3058
3522
6607
6112
9332
6079
2600
216
1355
8279
9854
2407
3531
6670
8331
6659
6998
8874
1306
5665
6263
5019
1671
2209
3512
6833
7986
1506
9067
8908
3302
2125
2431
6261
4589
8115
2340
7189
8331
48
1820
4537
8807
1704
1207
7139
8363
8206
2365
6021
223
8628
1041
8247
7189
905
5080
1527
2412
499
436
2066
8976
9219
8327
3565
7334
7020
7107
2017
3420
5279
6554
8579
6983
4114
5718
1699
8672
8083
7720
8895
3064
5113
7142
6605
6019
8575
8133
4783
5426
8569
3201
4403
7788
1528
4320
1474
4900
1427
3491
8320
6707
6397
6900
42
511
8970
1741
5535
3406
9462
783
2822
927
4277
9427
3298
2852
7560
8081
4631
2481
7634
9034
269
9163
9706
8095
415
1134
1586
8736
4193
4336
1988
587
4847
7310
2329
6735
7068
8143
7518
9890
9070
1795
9318
8721
1000
3230
3154
5631
5712
789
4665
2333
6304
4371
429
6719
1857
8367
1807
2402
2703
147
9342
3903
7458
1671
638
4526
6166
4508
769
1588
6303
6439
309
7303
9669
3464
2934
1733
605
3951
4067
6909
4675
848
3628
2884
5567
1788
1639
8271
1935
981
8526
5745
9004
5516
272
1522
24
7393
3110
2679
3832
9772
9983
3501
9588
9269
5235
193
9573
5654
3454
4248
6502
3434
3484
2069
5222
5123
6692
7158
6104
1570
2903
5108
3438
9527
6630
3462
3272
6093
6142
7104
2217
2477
606
8157
1746
2193
4702
1319
4199
8156
1919
701
1590
5404
9122
3165
6879
2167
6675
2984
3737
5930
4444
7176
5458
7427
6990
5082
9872
9484
2187
8441
8313
9145
6598
60
1338
1300
7731
1889
5808
6003
2590
3750
7759
8064
6915
4638
231
3590
7622
321
9521
8419
3849
1331
2198
7191
6413
2070
3028
4952
511
1341
4097
3461
1401
1787
4761
5485
3676
6921
7840
2618
671
5599
683
3939
237
7266
7529
7860
3939
3402
2631
4140
1085
4829
1332
7499
3251
4360
2451
3762
5701
2901
7223
3455
4688
8336
5292
8365
5257
3132
983
2280
8731
8018
6219
8968
1637
101
3180
1928
3503
2163
6069
4589
6992
3753
8440
243
4465
7243
357
6518
144
3932
6325
4833
2268
1617
9550
3877
1101
6885
6158
9832
4904
8729
5153
2893
8830
4685
4821
8686
6849
890
9627
193
995
8067
6789
5460
5310
7146
1979
1807
1079
4656
2992
9699
6274
2542
9929
3727
9427
2439
9912
683
1168
5065
3576
6351
6102
4750
5037
9303
1992
4664
9497
2988
9083
2638
4800
745
6136
3131
2552
3567
7788
5544
3267
414
8086
3196
4141
3866
1987
4053
901
3155
5470
4478
5858
1573
5580
895
7228
7572
1911
3077
560
994
5715
5361
1740
1852
4844
644
1771
2632
6189
5038
3046
627
4586
7188
4493
6573
7593
5395
6081
3064
6225
1939
989
1805
9187
4569
5729
1098
7647
2642
8445
9714
4355
6537
1566
9199
7181
3338
1832
3370
4728
4878
3998
5667
8418
4843
8592
6012
238
4673
5428
2815
2965
2769
972
2152
7338
6702
9602
4985
9344
8047
4700
51
936
2618
9250
8118
2308
1082
1488
3389
2313
1838
9056
7083
6682
4000
9447
3272
8674
4875
2440
7991
3996
3412
6495
1335
6466
6097
6320
5810
497
7372
2213
1433
6343
1464
9551
8651
8898
7392
2040
7563
5582
7448
4647
8616
1449
4094
1889
6475
5322
4329
818
9318
4093
7313
7005
560
3410
9678
6370
259
7050
8584
1693
3393
6400
7596
8397
5298
1340
6789
2862
6923
590
3861
5539
8391
4307
3780
4866
5981
8109
2036
1652
2203
9349
8657
9115
9111
8335
5485
9371
1738
421
7416
1483
3173
5012
9880
4824
6353
3022
7686
9628
3612
7899
5167
2003
2206
8948
3221
4540
3409
5257
6192
1964
4606
1201
1079
3717
9537
2917
3088
7627
9690
6856
9110
9216
1869
5343
4040
4574
8365
8078
4202
1977
5977
5721
3980
4535
1021
7201
9075
783
2458
5267
9099
3416
2821
179
7133
8710
9448
6574
6337
5490
3430
1799
4706
1651
7142
8746
2577
1859
6824
3131
188
2801
8853
4168
3689
6226
7721
2764
3361
6531
4384
2461
6299
7205
8992
9785
5915
8440
2711
8604
3930
2493
403
4989
4145
3898
3735
3074
2109
6912
6206
2298
9713
1411
2818
9754
7637
6892
2519
999
9775
3255
9812
6075
6812
8804
5860
9079
7244
8571
7683
7526
1064
4438
2515
1561
4688
2603
4636
6798
9515
842
9096
5580
2253
8266
5335
6242
5158
4206
3593
4934
7461
3405
1009
625
8561
3221
9704
5805
1792
7387
9684
9208
8177
8551
770
2866
1154
5406
9664
669
2600
5112
2602
1205
9730
7937
3799
4889
2143
3745
6175
5956
7150
3536
2933
5712
6757
2637
7869
4901
6376
3905
4109
4553
2457
1231
3771
3611
2989
9787
633
5589
4899
3235
3146
982
7524
6946
5871
9667
691
2046
1975
4193
1934
4908
6257
8691
3897
479
3592
273
4384
4053
1178
6841
5285
4950
6805
8274
4737
7438
3864
5989
7025
3362
6971
4549
308
9194
568
7351
7592
2543
1545
9526
3803
4154
4569
7700
4633
8161
4325
9018
8566
1855
2211
3851
6805
9016
2126
7895
2806
2342
236
9831
5704
3559
4380
6013
2753
4948
9716
6697
3843
7613
6223
3998
1768
792
8050
6401
5305
8727
1771
3871
583
335
4075
3740
9351
6201
1635
8510
8543
8223
8341
4247
1782
9074
6612
4535
374
6329
7584
570
294
3807
4568
2062
951
8971
4816
2608
7698
2939
2832
8281
3274
6907
2022
8978
9460
9
7488
8003
8233
2181
8602
15
1255
1567
903
7982
4248
8487
8552
4542
8647
9472
6605
5950
8443
7773
4911
2494
712
7743
775
339
1002
9149
9317
462
9159
3157
4817
3744
5338
3419
111
2946
4986
7366
928
9234
5854
5832
3777
853
5304
6734
3155
100
4507
8066
2594
1571
2161
9721
1910
9515
8871
7579
9977
4382
736
1146
8126
6075
4566
8237
5373
5904
5604
6301
1491
7810
8485
5268
5015
3789
8354
8170
241
9213
2589
2835
784
4750
2557
9047
618
7780
6626
595
2162
3715
1742
6640
6142
2660
1229
1515
8564
3185
4168
55
7347
2653
1675
2362
2794
6381
6885
3036
1946
5826
2223
2731
6928
1132
8130
7546
8912
1108
8142
1074
4823
6236
4066
7317
5248
5296
8832
164
8481
9352
6572
5829
8357
4599
4543
7504
981
7780
6892
2927
3606
9115
2010
535
248
6492
8081
5512
3953
2575
2939
5128
5163
7005
2446
411
8653
7630
576
7135
6983
3500
9316
1692
8099
211
9196
5432
7992
6088
4712
1598
1556
3074
2133
8156
9567
215
3668
3520
9142
6607
8648
4306
9965
7446
4717
8618
5077
1645
2105
8412
5145
1421
104
9597
7985
9301
5029
5977
1741
9741
3927
3297
2816
6061
1453
8735
2628
1474
2255
1770
4433
7255
2428
4398
4702
7146
3017
6131
5143
5122
4543
6641
2896
4647
6238
881
300
7619
3210
2042
3713
7137
1691
2881
9550
9497
1616
8530
971
223
6653
5404
7478
9081
6155
8532
2579
9172
4663
7723
646
9206
4364
9894
206
6954
7127
6858
4573
6689
5252
4638
3827
6944
7519
9729
2793
9135
8260
116
9358
4913
1872
3189
3994
8027
8073
6574
3551
2737
649
4198
8295
1365
444
4853
8319
3924
1712
9244
613
6964
3883
4440
260
1402
522
3053
6890
8782
3169
6248
47
5042
5789
393
9421
3863
3319
2973
2952
3968
3523
1247
5333
3967
2453
4
7891
4165
5601
8505
7481
5836
9297
7742
7238
6171
7147
480
1305
317
6729
1352
1711
8870
8098
1132
2733
1417
4105
2037
5386
3980
3285
7071
4300
5738
3428
2191
6255
9029
7048
3736
4865
2698
7830
8455
8869
4978
8936
6527
1647
2017
7879
3358
887
5977
842
9973
3747
1300
2010
9133
5280
1647
2556
9580
3737
5984
8124
6344
1365
1524
81
2582
574
7911
7390
5796
2889
6326
2323
888
4695
6554
4246
1934
2532
1441
1907
6279
2741
270
1764
4373
1917
672
306
2007
3009
8430
8351
726
6306
4784
3309
6881
2696
699
2677
1937
3377
1352
2826
8072
7906
3424
6
438
4865
8266
3069
3958
8536
1185
8332
6805
8210
4990
8812
1219
3420
3516
8297
6078
8300
1606
2959
7348
8657
1988
5638
2034
3340
8464
6458
1247
8240
2817
8037
9458
1083
7459
3416
5971
4996
8100
2776
3206
9442
7941
777
9214
7809
5427
5293
6109
7033
4604
3458
2043
2945
9096
429
6285
3912
6888
3884
8504
9705
8274
7962
7140
2085
7731
3111
7081
2183
5887
6640
1626
180
3769
840
7989
9196
2485
451
2582
7090
261
4625
35
9357
5054
2672
9621
8294
2909
8125
4351
1183
2440
1491
3268
6523
4602
6701
8706
6842
3341
6684
3374
3463
3877
1364
2659
6362
8167
1593
9804
8428
6218
6191
7785
7625
8864
3758
2271
1773
8235
6623
9308
675
8114
8928
7198
2717
5629
2257
5911
5323
8941
9285
8786
9170
7001
7797
1885
5168
5743
1689
3596
1961
4233
7733
5938
3097
1491
8210
1222
9727
4833
6882
6754
9299
5810
3953
8368
7791
2562
4279
3114
7855
3565
8252
7026
566
2402
8911
5735
8145
6952
9331
6458
1185
7065
8749
634
4908
6959
8208
4635
8144
5090
7742
3795
900
8047
2164
5044
609
6443
8158
8464
8
2763
1842
575
1517
753
2662
9662
4058
1993
2472
5243
5410
1221
2230
319
4532
438
1306
9028
5529
9048
2824
2781
7095
4988
7825
4056
1431
2336
2521
7792
1451
715
8367
2968
7821
7381
8982
1879
5726
7806
3474
1137
9028
5704
7808
3560
6143
5466
2589
8024
4515
1765
7157
7962
6753
1335
8371
4536
23
7244
2328
1474
7959
7047
794
5780
4428
6128
7659
155
3934
7486
7644
2962
3190
5452
2875
5685
918
1816
61
1785
3581
7219
6100
6686
4906
4471
1222
4929
1715
3551
6403
9674
598
3549
1807
5027
9677
9466
1534
3611
3304
9178
6574
2847
4630
5801
8532
1900
7617
4946
38
7550
8517
6138
4236
3423
6961
5458
8352
8676
9009
1107
4702
5960
4656
6509
987
4333
2328
8873
7944
1984
8051
870
4831
9033
6671
9716
7285
640
4662
7323
8190
3179
3461
2426
2954
422
7885
1306
5450
3246
8765
6505
9206
3421
9366
6545
4106
8046
5418
8402
31
9821
9273
4862
8854
2296
4578
6140
9289
9240
3463
7479
8771
3277
9906
1725
51
4143
9383
1854
7389
8148
8359
2948
7921
7725
9493
2027
2124
4912
6782
2155
4733
6055
7017
9940
4703
7948
2432
3992
3540
2247
7824
8664
5524
4082
6741
1928
4577
6125
3782
1966
625
2141
4914
4899
6218
760
6926
4694
5672
60
6849
6757
6115
219
3049
7171
4519
5481
7515
8059
7729
1691
6723
9605
5773
3465
1533
350
5942
5315
8669
2919
3808
9935
7818
6379
695
1097
1073
2719
1157
4275
5829
3625
4494
8878
7148
9013
712
1015
3424
4793
2707
6500
4398
4832
6317
2284
5183
8611
3951
204
1530
4112
139
5701
491
7187
6798
7916
6258
4307
2191
2087
4284
3037
7318
1432
2050
8030
2448
1827
9175
1507
8327
9925
6339
4644
2209
7874
3255
2513
8078
1137
6625
4570
6838
7116
8109
9988
5032
4367
648
3576
6455
4932
6613
125
2717
5016
4507
5165
6843
3682
3024
1522
3607
9363
2518
2169
7238
2125
4682
5316
3262
1307
6238
6453
4775
4347
6441
6159
8715
7089
9735
1522
8374
6349
1647
1091
7717
6154
2608
912
6188
5632
2434
9795
4995
1304
8316
8585
3429
2998
254
6691
4305
6492
3144
5432
7192
5938
1592
5907
9379
1327
3781
7753
4028
1780
8844
8097
4286
7804
9009
474
3436
7795
6621
4784
9099
4938
3369
2528
7936
9975
9220
8594
2820
8716
4026
12
1006
5618
2271
386
3298
6052
8139
3678
7832
3336
1776
2118
7492
785
8944
929
8581
5565
2065
7680
503
1786
209
4792
1762
5781
9738
4582
849
116
946
1856
2087
3217
2242
5385
9269
6733
9063
3453
6421
7191
5571
3914
7977
4515
1195
2910
6432
9612
590
6936
1398
7151
8080
9512
9284
4170
446
134
4286
7744
8342
6373
961
6936
8110
6582
3669
3526
35
6443
717
5606
6709
8694
6473
4256
1604
2906
3868
8547
6194
1618
2050
626
7483
1335
4796
4281
7821
9082
2026
2515
1808
2987
9451
9918
9570
9472
3444
5957
5915
4162
7916
8976
9208
4389
3232
7165
3647
3452
2064
9841
1423
4114
6819
5258
1801
1615
9539
5974
7050
7917
8489
8858
7257
7940
5128
3179
3765
4925
9136
6032
9087
7052
5009
4647
1442
4593
8164
1441
4398
228
7635
5821
695
4454
1079
8848
2422
6970
4823
9472
4888
9664
4682
2145
3957
6162
5324
7722
1087
4460
3754
6526
7865
8763
1174
5659
9709
9338
7100
4107
5919
4735
6280
6614
5542
7359
5462
7964
4329
6637
3788
5569
6302
4822
7714
259
984
9390
7981
2072
203
1735
8598
8068
6851
6124
3727
2912
1815
827
7019
7734
1915
3299
700
7457
7010
2514
5421
7691
9152
5561
3261
5454
383
7327
2065
1367
6718
46
9791
6921
8133
8390
4989
1336
4514
5068
600
2681
2247
7619
415
4162
7270
1115
1619
4280
9982
3392
8324
9134
8953
1585
940
5688
8912
3005
7056
1982
9403
6847
8903
7536
1589
244
5225
2456
1664
5825
5137
3912
9797
1905
8074
7067
9372
6046
7700
9354
9438
2376
8488
4744
3961
9428
6784
9225
2433
3840
1208
1836
7040
6463
5725
8629
3060
7302
7437
4724
9479
2575
8636
9276
4480
6711
2696
3852
2757
6748
3207
8547
9124
8047
9643
9437
7476
6428
8662
6261
6620
6222
4450
3660
2686
6527
8642
5746
3829
6079
6822
9660
5006
5459
5289
5838
2170
4337
6043
1279
7437
9250
9826
6561
3649
5822
2350
1125
2250
7364
3739
5222
3587
8189
8883
2625
1068
3877
4723
1249
6308
1545
909
7667
7004
2550
3505
5526
6887
9548
6805
4324
5150
2984
7237
8800
8806
9587
6277
7408
6952
6368
2630
6891
909
7865
5868
1977
8094
591
3226
4403
2136
488
8422
5493
3038
1927
1019
9926
1476
4177
602
2978
3513
7840
1778
2319
3779
4408
6079
7083
776
5061
3974
1686
9279
9842
3663
7373
6785
3242
8128
5274
3730
6550
7119
3120
8478
8138
9398
6306
8667
1
9284
2180
7841
7415
851
7972
1823
6930
5056
2599
8344
9030
4285
7623
5225
4301
4996
8362
7543
9477
3636
7625
6027
755
745
857
5246
144
7163
3913
6497
2800
2446
4338
215
3297
8662
2038
6580
3718
989
1276
9101
1627
8899
678
5928
247
9040
9823
9724
9029
7448
5752
9784
4545
6609
1382
4689
125
1648
1186
2925
4094
1876
9492
3743
539
1530
6675
609
8871
7951
9710
498
6850
388
6426
3450
5781
6249
3174
4810
49
5278
946
4595
8240
2329
9284
8365
3977
6823
7642
4423
5051
7134
4518
1942
5016
1194
8904
3887
9145
8614
4386
2348
5355
7164
5798
1136
3414
8972
5946
9815
4251
3244
4410
8843
5573
47
7208
5902
6870
1202
325
8273
8336
4844
6568
9704
2390
5472
3591
1535
438
4329
3883
5793
1494
6033
3281
1260
5006
5579
1075
5609
8824
5486
4452
4397
5533
8012
6652
8755
9214
3329
3380
3902
8173
6300
3606
6915
1772
3549
8451
2211
7879
8686
4356
5725
4720
7638
3337
6078
3217
764
1687
8393
6250
2491
9143
8135
6855
5795
3242
6069
9124
2975
6323
3650
9275
6281
565
1048
9830
5368
9611
4061
4055
319
6138
5127
7957
9475
1205
7527
240
9244
2272
2842
1735
1415
7330
8590
3562
572
1011
2687
9899
3686
2689
9175
9967
9606
6575
6149
4975
2538
211
5382
2857
6349
509
7167
2177
8066
4694
2417
7310
6966
5259
5397
4734
2589
339
8296
9514
7702
7335
9413
1388
24
4940
7707
9631
1515
3856
958
4053
419
6340
6911
3121
3201
430
5298
1267
5124
7715
4929
8442
9326
6678
9528
8268
3369
7825
7782
1071
5160
3547
8811
1537
8488
2870
1168
3
6726
2126
409
3498
4818
3672
6619
8019
4102
8269
5638
5578
2336
6919
372
1662
3597
9901
6282
6966
4078
4064
4389
5590
3964
9552
7127
2452
2422
4647
8807
5500
3125
5568
8998
7943
9240
1969
2314
3342
238
7952
5272
2574
4871
5645
589
4820
5546
6871
8138
5976
7288
2527
1566
7604
2079
8694
56
4501
9693
5215
2
2819
784
5352
7114
24
3674
9429
9719
3912
3733
1343
2839
4957
6988
9780
6129
8886
3003
4268
4862
6643
6795
2781
4247
5227
1475
655
6080
7520
2223
2434
339
3007
7787
3806
9383
1461
9587
5454
1725
3320
6798
916
4629
138
696
759
9025
52
1379
239
3047
8174
3020
7295
9753
847
4302
5834
8368
6525
8268
5059
5884
6055
8865
5268
3868
8452
722
1946
8125
3872
2862
2754
4011
9911
9865
9388
6315
1244
9627
9362
5771
9000
3009
5524
6199
7312
1358
4567
189
9627
5979
6074
2034
4844
1342
2255
3297
8416
4201
7774
2289
7063
6880
2652
3326
6746
2040
9641
4342
8019
9004
113
3371
2013
1990
9571
5677
3348
490
5867
9327
6469
8293
7714
7666
5987
9969
7315
4403
4170
5089
3044
7585
1969
5696
912
5067
7736
6905
9410
2108
2261
5875
5479
4275
7865
5050
6304
7566
1893
8523
3245
8362
6816
959
6028
2803
928
3343
3559
1450
4784
6603
9036
6754
8652
6300
1821
2740
9557
7583
4848
1819
3459
328
2446
7676
1730
8750
5242
3623
7274
4840
8338
442
5799
4366
9598
6728
4062
3157
4530
8846
6112
3566
5600
4764
6218
3774
7505
5776
1357
2353
7595
1168
9033
41
5197
764
5143
6791
739
8769
1631
9077
5564
7431
3444
5162
511
3858
8319
5041
2704
4431
4960
4657
5548
7530
4783
3053
3306
2492
1758
7253
13
792
3646
5210
7908
5142
2001
8647
3911
3633
7725
9475
7416
7521
4637
7927
7731
9308
9320
435
92
632
1444
5640
8163
2579
8693
7821
5072
451
1427
5085
7595
5073
295
5503
6567
8648
503
479
2281
4580
6306
9697
2101
7296
3976
9832
2956
9649
6619
3048
281
4416
8688
8444
6995
3733
2618
8419
537
4045
3504
8132
5470
151
9988
2038
8800
491
8869
7433
5071
1527
3483
3524
8823
3811
9708
1780
3460
2679
1180
94
3447
9869
4890
443
9954
7508
5214
491
7905
5071
4976
3376
5222
1316
1766
374
1807
635
4160
3230
2162
3995
6754
7338
7806
2814
5470
7619
5493
6650
7713
8941
2871
2603
5736
2826
112
950
9669
8017
6021
4645
7745
7596
5961
9511
4322
4120
6498
8482
7350
5013
8829
456
2351
6636
3270
7821
607
5116
4471
8320
409
3695
923
6145
6521
7387
3447
6190
5405
9469
7188
9502
3417
3149
9014
7739
3622
1864
2574
972
6877
1403
7781
9228
4391
7403
3401
4998
2519
4225
3318
2928
7920
594
5425
4441
7981
8873
6983
9738
8342
4171
9241
8111
3673
4607
5850
7295
6471
4776
8267
3349
6180
2400
2577
6923
9804
2331
1922
8675
6556
1592
1604
4476
2186
7029
5269
6520
2254
2252
6258
596
6424
5499
8707
97
106
910
7392
2930
5686
2011
6279
8218
4412
5208
5142
568
7539
3416
9243
447
1360
7199
4923
9899
4229
192
6419
6483
8797
2677
3432
5221
4529
8491
1670
987
5753
9062
3917
7792
7425
6548
6010
8189
1757
7504
8757
5648
920
8001
6096
2281
5200
7371
8532
5781
3916
4951
8617
2713
3980
8401
7934
8509
3244
5956
9497
8998
5018
9766
6790
2443
6315
2800
6985
8072
6657
5742
72
7577
95
6168
6210
5296
9892
4742
7429
3808
6045
6046
6521
26
799
807
8535
4044
6763
4384
3042
8133
4151
6184
6928
6818
5336
3913
1242
1993
9656
1314
5923
9751
3835
8485
1399
3727
9580
8829
7535
5625
1227
408
5651
8379
7567
539
2423
4330
1275
1817
2463
1778
4353
5743
8596
9689
9657
6190
8035
5665
7505
3958
5416
7692
2443
3168
1419
2023
8349
5306
4001
9576
2066
6004
4307
9633
6543
6730
315
4171
4899
9130
5949
9252
4873
898
8942
4530
7088
6977
195
945
7287
1964
8637
6082
5132
6408
8106
3481
8066
8459
9409
132
4463
3717
6117
7359
6799
6432
1530
1699
5562
3831
7303
436
4729
6245
1318
1818
9574
7866
9115
3213
9830
7753
9296
1314
4161
3754
1147
8580
2213
556
8712
3028
625
4830
387
3777
7614
8269
1828
3177
2101
9131
9965
6830
1729
1283
5000
1303
9149
4116
4517
5331
8221
165
6645
8734
3919
7792
7314
6132
4701
2379
9160
5326
3561
5900
5455
1175
4169
7283
4352
6270
6415
4317
9453
4496
1953
805
5799
7454
1273
6668
2786
9494
6833
9431
4581
7104
3576
1895
3236
8277
626
8749
9955
4187
4649
5411
5363
8818
9046
6067
1441
1813
6737
894
6309
8690
8051
8461
6144
9325
1481
5282
5171
4667
4714
6104
1771
4642
8000
5008
2919
4978
109
9226
9166
4758
989
881
9928
36
6948
1369
1849
37
8615
8159
8727
6667
6620
1224
2344
8101
6506
7515
2768
7572
3620
4540
2214
7972
5900
1485
2950
6009
712
8468
7119
8053
9349
7047
8089
2650
8417
6291
2687
7032
4450
7767
3699
7422
8991
6043
1875
1849
9911
996
5774
9883
5536
7988
4207
7788
5826
3509
149
2890
1978
7268
943
7679
667
5385
329
9084
1676
3017
2469
6126
784
2520
9900
6127
4916
1775
4328
4827
2771
102
1062
4659
4443
5269
2447
269
8778
8948
9511
756
2568
454
8436
3236
5839
5117
8672
7515
8134
1141
9993
5270
3662
9893
7749
4930
8021
2078
6109
792
2180
7171
1804
6623
2440
4251
3244
7570
9552
2755
4679
2120
9562
9467
5356
5401
4584
4029
9269
9071
1522
9262
4341
1536
5508
8443
6466
3529
521
2575
673
2701
9746
2477
5677
8538
3081
5273
6109
2633
8029
788
1105
7591
6607
2814
9344
1191
3195
8613
262
4717
4228
956
6254
9736
9399
9072
9617
6272
1648
290
5325
7746
9120
1002
6285
2201
6276
8746
1186
657
5886
2291
4600
2493
5105
3944
3684
8300
8910
299
9370
3138
7607
1976
9226
7006
1048
8843
9630
2696
5485
4955
443
4605
2310
3080
6806
4938
8178
7992
5595
4064
6636
195
2909
1741
491
2945
6394
9401
3244
5764
8891
851
7740
8117
4209
8788
3312
191
7837
5150
5147
4632
9755
7457
4064
2914
2395
2242
7258
4342
2658
246
889
5567
1988
1380
8512
4734
7134
8109
498
6025
5312
4590
495
5874
9730
3807
6065
7567
8957
1212
8551
5065
8669
2615
4331
7416
4857
7941
8110
7515
8188
8999
3082
6528
6732
7947
1262
3866
6056
8112
6243
1368
2702
6738
7242
2432
6898
3308
6352
2207
872
4903
3624
5894
3871
7955
3310
8728
2249
1421
2596
437
6772
2030
6965
3504
9977
8227
3722
2385
6339
9966
3754
5393
3056
7348
4177
9954
7008
6881
8514
7881
1785
2138
3775
2008
6446
3437
736
8695
1210
9684
9132
7983
1715
2449
7839
8044
7028
1562
430
9719
7880
536
5112
936
4236
9289
7243
1245
6171
5757
9126
4308
4247
9253
6316
7045
2690
3404
5740
3901
9441
1224
8236
1156
25
6075
5552
7053
7637
2334
6772
1869
9222
1884
2806
3459
7526
6401
4704
49
8510
182
709
2757
9435
3377
6155
8477
3133
8247
8730
2574
9472
6966
82
5849
9394
1987
2903
3383
4321
6027
5253
3544
4264
4411
7003
8142
812
8059
8191
9322
4593
5252
8431
380
8629
4586
8857
8114
2834
3940
689
8658
906
7123
4507
6652
9110
3762
36
9784
9790
5289
3328
406
9700
6683
8548
512
1094
6739
6186
5687
8343
4617
6067
3324
5556
1276
1438
8390
5216
8479
3400
2475
5603
4259
9127
1065
8022
9163
849
4164
804
529
4570
6856
3564
9470
7368
4658
6209
9906
6697
904
4524
9116
4228
80
393
5666
4822
1961
4146
8222
4436
6101
8833
9916
7166
6855
9079
4368
7371
6236
4897
8293
3092
8462
7763
6813
9472
324
6719
2522
1228
7595
1638
5456
4027
8383
7475
8849
345
1621
3423
1133
4074
2257
1049
1240
5464
6481
1960
9188
9069
3210
7481
2161
8024
1597
8974
7496
1921
5694
18
9502
9641
8009
4958
3669
6392
2433
8870
3089
406
2294
4223
4480
903
1624
2073
2719
4457
4033
1907
3526
7243
9389
5688
5267
7338
1014
9116
9259
6708
9134
8761
6350
7143
72
6371
9888
8857
5241
2977
9264
3887
3552
3744
4790
5177
2169
7510
5986
6203
9417
9513
9798
5158
1553
5066
2496
2567
4182
8108
5628
9668
3221
8330
3164
3293
4701
9404
2151
9942
2381
7767
3830
5934
7863
4972
7463
33
2482
3449
2588
8252
2962
2386
9762
4515
3804
8611
3435
4338
6719
9063
359
6292
7393
9875
9586
2094
9279
8089
8388
1660
2208
8570
3946
71
3543
1409
104
2377
4859
9044
629
4173
1431
6744
8689
1587
5355
2124
5926
2074
1187
6285
4718
4932
6160
4304
3378
5439
8745
1766
3451
953
337
7398
1025
3880
8807
7481
6257
18
2878
3239
4192
4309
9983
2881
2248
5338
1357
8174
3764
8896
4459
8482
3828
6971
9139
7206
8762
4236
5324
2214
5190
5661
9612
2567
5893
4771
6400
8503
4790
9278
1742
8982
9939
8077
8215
2188
3415
5924
6714
3531
4820
7526
8365
5000
4497
7504
8558
3260
1741
3882
1826
3283
9544
1438
5850
1789
2561
8602
292
3703
7881
8386
2685
4172
6463
7252
2712
9878
3176
9427
9761
7996
6953
8127
2996
1450
1983
7906
1062
76
1789
2888
3359
7685
678
5561
9474
3240
516
6119
6943
8397
4505
5981
8921
969
3233
1634
7199
6410
1061
6961
758
8014
1440
107
5816
9775
8013
6879
9852
9802
9767
9563
3839
6798
1477
3314
6390
1993
5785
9685
6742
290
5666
5663
1259
5252
7297
4811
8014
4710
8124
8772
9076
9564
5231
4893
5691
3245
1772
5543
9399
7891
1459
9591
4689
2936
9257
1079
1281
5042
765
8023
5332
2783
3686
2944
8035
7336
7755
2401
8398
5879
7526
7475
1795
2757
2368
3838
2354
492
5734
8106
8383
7193
7697
3073
6481
6954
504
7762
1996
7621
5785
3680
405
5823
6624
4792
9511
731
7194
7910
6610
4720
5385
4757
7477
4105
4948
6184
4597
682
4290
2980
7875
1987
2405
4356
5293
9262
8470
3641
6883
4255
7321
7288
6430
3946
8433
5942
4677
5627
204
7640
347
1941
8749
4176
6046
3697
360
6995
4379
1002
9975
8606
9341
8733
9314
4634
7995
7784
8275
1230
8391
5597
4871
4822
5895
3304
7116
6924
5283
3672
4564
1982
5613
9666
6158
8011
3363
2871
5006
4095
225
1333
2701
9567
66
2016
553
4413
6152
5181
1996
4544
7130
6867
5718
3025
6523
9186
9949
1806
2858
866
3788
8471
532
9946
6482
3895
9169
7840
7990
9395
9173
7044
8962
5592
9060
5867
5
5212
1048
2001
6108
8178
5220
1826
7555
1743
7364
7505
3549
222
4723
7337
5045
5255
3636
1527
5502
9157
5719
3493
8552
4893
6889
3866
485
5949
9734
6842
7513
7134
5196
3622
5313
416
1800
2868
2160
9165
6725
2061
5739
1448
5751
785
3055
9387
8664
8558
8544
4384
8403
3449
9277
5292
3667
6114
7593
3401
2956
5106
6888
8152
5080
8553
4921
3233
1421
3433
8750
4499
5494
841
2299
7597
1626
1707
3336
291
265
8233
1027
8668
1682
6656
312
5349
2770
7905
5103
5726
9363
1991
231
796
544
1504
381
8317
4937
5483
9168
6783
6324
7820
4381
7951
9527
7717
4594
9792
5950
5621
4812
3984
2277
1476
9334
1399
5733
789
3477
1448
9132
3708
2244
6028
1564
8977
4345
6501
4460
9866
9637
7137
7686
4018
1440
3565
8087
6034
9709
4038
8007
4521
4374
6636
2349
3708
8035
8082
849
1512
9530
9981
1573
8127
2361
3137
7104
3059
5991
7917
2925
5628
1406
6963
5998
2846
528
4085
5232
6589
4475
3239
7462
8850
6227
9811
8910
614
7893
9760
8478
3775
6093
51
1902
8455
9541
5359
1514
1884
9628
791
3864
1034
4106
9862
3880
4634
3947
9112
7575
8423
8703
5037
3625
1282
4848
2535
1896
9093
2295
374
2868
4741
6778
1123
9548
2671
6482
1062
4555
6110
8205
8419
7144
2311
8281
7376
3297
8580
2840
872
3355
1543
5909
6980
2825
7109
9516
1073
6202
8163
1447
5422
2904
8225
6545
2452
896
3027
9866
1803
5489
8071
222
8985
382
4855
6361
3679
3436
9201
903
6791
7096
6812
3772
6273
3921
9640
7346
6475
7803
5146
1898
7060
9723
8443
9512
620
7823
5731
2423
9664
3802
8998
8650
537
3853
1363
568
3641
6917
1472
6785
365
8284
6909
6639
8558
6549
337
1385
704
1835
3283
7764
1559
8079
7277
8531
2254
3008
7306
1918
3162
6304
6920
3699
6510
8284
4268
6503
1553
5740
3288
1918
376
197
4909
5286
3098
5247
6672
3803
3434
6307
1567
4993
738
5196
3524
9344
4556
831
7615
7719
3487
4535
7770
9997
9171
8390
6501
724
482
6141
8995
859
2691
3904
2497
5789
9151
5521
5944
2586
1829
3864
3931
8919
5412
7456
4616
9969
4639
2231
4040
8126
3118
8162
8124
2290
6553
977
9366
7035
7118
8361
4246
9809
2266
6744
1951
7769
8617
4247
6707
6798
4463
639
5718
9876
4447
334
6197
9086
8917
6589
7212
2035
4751
1688
677
1304
2665
44
4692
6136
8405
5290
2297
7023
8386
600
1145
7004
4848
7852
3802
9311
4843
5872
9187
9290
2558
1736
4728
1475
8325
8293
3511
3077
9981
4188
733
8999
584
1777
1487
5342
7068
3784
2365
5454
4385
3510
2458
5585
7715
2613
4896
8910
8485
436
8201
1044
8524
9281
8871
6850
7574
8734
9927
3908
2923
7012
2907
9859
8790
4394
5201
5858
4530
3919
7664
5267
3781
123
852
1496
2736
2101
407
7573
8889
4960
4969
7413
593
3841
4263
4520
2575
542
8428
1850
3907
7687
1710
2697
8433
3263
4907
2963
7182
2571
8231
964
9046
5435
8812
1782
7536
5571
5708
2777
531
677
191
7477
4518
806
1997
3446
7701
425
1648
1608
8112
3358
4305
6545
6622
5564
5860
156
8135
443
1120
7182
5879
9933
5316
9767
5504
7376
2545
2388
8054
9088
9865
8924
9894
1862
2370
7595
8639
4019
9203
3103
3729
9860
6000
6703
1776
1860
6860
9912
8656
7980
3446
887
4265
5114
654
6122
2491
9551
4862
545
4991
4727
5821
4886
2941
4544
8833
7932
4915
4389
1035
8644
601
7035
1700
2378
5247
8560
8642
255
2892
2088
1142
3510
3554
8149
9632
6045
7700
4494
2942
9044
5573
5116
3930
4866
9660
9115
2798
4575
9856
185
9571
458
3572
1271
9188
5171
6183
7830
5427
9076
6270
6569
2586
9824
4718
8570
2222
8771
9416
1516
7815
4989
6632
8097
6207
6292
3564
9005
7219
3421
5542
6791
231
9114
4414
9419
637
598
3601
6064
9674
6223
8986
8612
6047
56
3534
4621
8827
2950
6138
2994
7939
2770
7443
498
5415
7360
5855
2634
781
1397
5777
7364
6863
192
3135
7500
790
6736
3565
6816
2959
2551
5428
5358
8959
8962
6332
4139
8264
2470
7133
2555
1592
929
3053
3359
8289
8908
5994
5422
305
1771
2786
7168
8315
2273
1020
9105
9009
4585
5921
8320
3488
7701
30
8800
6663
6362
2939
4927
5184
6424
7482
3129
7353
6887
6488
1994
5795
8834
7416
6100
6958
6554
9620
5273
8827
641
731
4188
1578
6652
8860
1419
4354
5243
219
7369
7957
9510
8649
3142
5934
2483
6271
3288
9371
9111
1634
5166
4298
5403
7619
1256
1957
3591
2881
7137
584
3612
7677
8515
6617
2890
9934
971
8133
6505
8340
6090
6015
3341
5584
8301
5825
8207
1589
5196
7319
9576
6714
7969
4979
4333
9225
3288
4277
8458
425
4861
8423
4455
3376
5040
7345
9662
6011
1830
2519
703
7920
8534
4045
9857
3188
6222
8064
4777
7770
1735
705
4484
9704
5684
5170
5281
8973
9447
3740
5750
4308
2163
205
7685
3555
3902
7347
9566
2084
9867
6621
6357
4753
7018
6214
7941
3240
4278
9071
1010
6014
6128
1847
2070
1813
7017
7352
7138
2816
7444
2888
7124
5959
9446
1161
9514
9700
4861
5432
1785
1080
2053
8142
2185
9072
708
6479
8664
4986
1902
9675
7352
8030
7874
9423
9843
4891
3127
6981
7707
571
6222
1183
6530
5668
2345
2396
1720
3558
7828
3505
4638
9881
7999
6823
5305
8707
3302
3970
46
5204
9997
3750
3235
7871
3173
9430
9114
2652
2764
3173
3223
8986
4356
6105
1006
3053
4853
9078
6611
2681
8936
7601
2563
6935
4425
4220
1995
4079
8190
2041
5636
4539
5791
5223
2410
5317
1005
7876
7969
3769
1049
7545
9107
1758
2
6465
4811
4856
5544
7775
3889
4480
5376
2804
1415
6153
7025
9762
6585
1567
1803
8573
6107
3947
3796
4869
5616
4801
2746
9937
4923
147
3834
4030
1905
3837
496
3069
5045
6040
7196
8934
520
8924
1739
8287
1430
5116
8050
8015
6683
6205
6588
2790
6504
6736
4012
2120
7889
3110
2058
2812
3257
2244
6843
1515
6081
7339
936
7478
9731
4484
2765
6603
3408
856
1242
1190
5972
5644
5557
2655
1850
2145
1798
4706
5233
5810
6827
3123
5272
5237
5935
4881
7481
9130
2748
9915
6469
36
3745
2552
4520
6510
5507
4281
7366
6750
5471
9690
2394
1029
2346
596
9526
496
5303
1112
2658
2130
4235
7930
3719
6522
2811
1200
5653
1912
7467
8474
1948
1213
1027
6469
7723
6534
7102
1442
9636
8925
1132
2031
6306
9830
2627
5833
326
7930
6945
9336
6412
7532
7266
6483
4054
6430
7684
9707
8342
1503
8182
6642
2716
5561
9463
6792
8447
6565
8234
8084
1843
5718
115
8149
1901
9094
3982
2227
3377
7279
1564
9789
1163
5182
2625
5218
7964
6661
1277
2658
8164
5811
9301
881
7724
8764
7673
6172
1682
2259
4256
3525
4329
723
1674
6230
9817
2009
4810
9546
9288
2726
5688
6804
7908
8313
2022
2225
4974
9651
4883
3138
5463
4184
371
3187
2949
4396
5711
4631
3007
6319
8156
7337
7042
6182
3567
3212
8191
8377
2758
7480
7455
8446
4284
1716
3111
2658
3941
8085
8661
8824
1224
476
9361
7947
3664
8662
2344
5727
3293
5351
2047
7801
9040
9089
3983
2608
8653
2175
7337
7764
6007
4793
6210
6643
6509
9322
5653
6802
3759
4314
5626
1335
4791
1339
9283
4807
1
7979
534
9646
3330
8933
7447
2371
4375
7783
1331
3028
6310
5020
792
8669
6165
3355
5312
9026
9029
7317
5828
9140
1631
7807
476
2774
9146
9759
3933
9148
4090
820
8794
7420
9753
2594
6143
4128
6729
3826
3509
3039
8847
653
1708
1364
360
3372
391
5741
689
6219
4882
8672
378
5358
7799
5877
1469
1732
5025
5559
8904
171
9331
8658
9117
1827
9138
5846
5653
8999
5237
852
9653
6945
2217
6365
6669
2608
2107
3710
5179
6989
8735
1910
8699
6534
7787
168
4618
9164
2079
3523
9335
7762
8533
4805
9589
4023
651
1595
3023
5889
2447
9028
9186
1016
5393
2208
9976
3852
5918
5156
7193
4653
7066
5892
7539
1205
2412
2158
369
843
2033
9704
8606
6918
4509
8195
941
1513
9790
316
3754
8590
9344
2940
9606
1090
1500
5935
1294
7419
1091
8488
8424
4509
732
5964
5714
3145
4474
2435
340
6507
2139
8946
9777
3001
3494
718
866
9636
1035
4620
8226
6731
3912
4185
4173
5413
120
5468
9184
7563
308
7608
8424
1040
9924
490
537
4398
2925
878
7257
1416
9824
7034
769
3318
4105
1635
9307
1492
6255
7533
8223
6520
8070
8749
1933
4542
569
7469
2105
877
5077
529
1917
1354
7371
8807
5752
296
9685
9362
1713
5861
2748
8834
5532
3205
470
4839
4697
3077
2372
9273
9597
6795
8022
7882
1337
4943
5351
9795
5820
6781
6676
4089
8135
4048
2896
239
4344
2581
5953
2409
8443
8702
1244
327
8259
8066
5166
2957
1143
3890
8582
7093
685
2956
4975
2023
7899
6679
1818
3719
3460
4846
7808
7947
8894
7057
8186
9591
9638
4140
8352
4433
9194
5948
4760
7453
4014
6278
6762
1510
169
1696
8603
854
4652
3578
9229
2551
6609
7399
2622
69
2246
6783
8016
1140
3840
2555
7083
9830
6695
5436
616
2241
1384
1728
6046
1751
8007
9161
3261
8176
857
1864
9030
5510
1794
4612
4413
8404
2011
3388
4825
609
171
9194
8102
363
1749
5185
193
4796
6973
7161
7037
8358
8890
9435
109
6897
8596
9722
5073
5806
1586
455
7668
9732
5067
2081
8136
3431
5469
9314
4040
1992
8508
2142
8707
257
3680
5253
5053
653
2414
8442
5363
1304
4229
1824
8201
9178
1546
9626
4984
9484
82
2652
9217
1501
1085
3705
4932
2907
3019
5325
1251
7879
3819
9959
4488
7499
5212
5893
4505
7626
687
9868
8931
4917
8045
3484
4095
9591
3111
5431
9076
9545
8083
4645
1046
5520
8350
2331
8427
7722
7656
9679
1953
7827
5990
6442
5327
1202
2335
6184
8828
3023
2404
4111
7940
449
3948
8387
41
3411
3818
5469
2956
8253
6466
354
3773
1168
9037
8553
5242
6693
4584
7196
4521
574
3638
6200
1776
2325
8736
6956
5348
1140
7420
9640
1590
1368
4379
7983
1131
4549
9804
4087
2802
6270
793
2928
7438
9831
7833
9033
2876
2417
6229
3749
2991
6219
6301
1119
8544
5037
8075
245
6178
1847
6237
4120
3215
6969
2103
4346
1518
8259
4785
673
4529
1931
3601
8319
8114
7786
7352
7342
203
9933
1092
9546
6152
3745
665
1049
8783
5092
1294
1313
3292
3883
1785
6507
852
3888
7206
2371
8499
8343
3044
9380
6626
2997
7699
4740
783
1404
2083
7338
7689
9527
6884
3842
3272
3901
1243
8407
5345
2537
6072
8637
2772
7857
1497
3625
8097
5055
5996
6596
3398
5392
5976
25
4741
28
1117
1876
7784
9552
9214
5473
9079
2450
5667
8704
2703
6910
7111
8048
5799
9536
3038
8572
7393
4535
2197
5491
9590
4545
8439
9340
9937
4416
5717
1030
4444
6835
2906
8580
6387
2120
4053
1819
922
9721
523
3625
2983
3986
1673
8783
3522
4711
3707
7268
5598
5904
9111
1540
6801
7550
881
3090
8318
2950
4120
9114
9785
7026
7694
2525
5498
8100
4344
6420
7821
1219
45
7156
5205
8070
2291
5080
2782
5998
8700
4732
1902
7811
6273
8703
1713
3506
8145
6384
6456
2265
5498
2594
5643
9545
1471
1141
7645
5815
7561
1818
3386
3958
8974
4943
2029
1266
6375
1163
7264
5075
5895
5519
9238
8520
574
952
8378
8720
3688
1187
985
9186
3781
2981
8731
5252
4122
6376
7419
8036
8194
7157
1994
3521
2100
375
4787
8476
1538
8403
3551
3786
3922
9142
8658
4497
6446
7037
9569
134
8224
6906
9320
8357
9887
4404
9961
362
7132
3732
8398
5327
889
6744
5200
2989
7120
9987
7817
5010
4742
7721
5148
8665
6863
3807
9514
3309
844
9083
3443
5420
2341
9115
3777
2229
3519
3738
2591
652
3822
7341
2331
4711
4085
3883
4052
7557
3870
1870
8920
4964
9591
4068
3629
6454
7875
9495
9763
5071
4930
9558
491
7272
8673
620
5853
8545
710
8444
5549
4532
2137
7880
5595
6222
1763
9648
132
1985
1518
9052
6949
7461
3120
6931
3915
7348
2778
30
2419
7709
5940
9263
1333
4613
6235
7186
9510
3298
1982
5059
7830
4119
9291
9778
6693
1054
9426
6825
9391
7296
2229
2693
4757
5350
5976
5024
9050
8754
1406
1469
2815
7346
7084
4148
8311
9672
7686
7822
2970
9668
9233
7152
139
8525
6930
6833
9579
2708
10
5323
4
8592
4368
1113
3942
344
2489
9344
5450
3895
7165
8266
7593
4250
2414
5905
3922
6453
79
3244
6121
9312
396
2613
7837
3679
5798
3769
6387
2160
5444
2744
752
9812
3857
1046
156
6347
390
5606
6594
7556
224
4188
8158
8991
6445
8432
5444
6524
1676
7917
2188
8424
530
26
2103
2680
147
4843
4841
5591
7587
5593
5403
7796
6640
1911
495
3382
3869
3442
938
4094
7630
9096
3085
4075
7528
4881
6951
9204
2798
9139
3981
9681
9165
6084
2361
5664
7279
7202
1255
1218
9148
3010
5367
2140
4921
2214
5522
5143
5656
6461
9237
3286
5557
8674
3713
9438
9907
664
8642
2705
9804
2623
8738
5321
5060
1100
7338
8691
4654
8593
9910
3802
1604
1629
5942
2877
3843
1465
8020
9500
4278
3609
9138
6187
8635
2852
5625
8542
9868
4268
1248
6024
3243
6338
7698
4655
7438
5036
9699
8445
3629
9609
8599
1585
7590
4542
815
1433
2359
5187
933
2989
8797
6424
9176
7432
9276
4802
5975
5496
5422
3575
1521
5017
9913
9219
6025
3704
607
5724
2149
588
1685
748
2174
9275
1642
9341
708
353
4528
7994
3342
9677
4418
8871
3462
46
3673
5789
1894
5447
5716
3415
464
5629
8986
6489
5685
9593
8565
7834
182
250
4935
8708
5877
2929
4401
2938
3283
5281
932
2977
1311
1702
1848
4773
8100
1873
562
6346
7320
6278
9762
7785
8259
5100
626
3945
1046
9192
8131
7580
5794
9418
6288
1672
2348
7041
4610
1983
2322
1894
1312
3633
9948
3161
4758
4400
1386
1672
746
8707
4302
6860
2844
2562
8313
9822
2859
9359
5366
7342
6939
7513
6761
9579
9185
5461
6620
147
7444
5294
8393
8756
8928
4693
8269
3686
9093
6008
5359
6191
1067
6013
9404
263
8575
7717
85
7786
7076
1804
5129
4015
9317
8242
3594
4854
3703
6566
1353
1147
1860
9746
6255
7140
791
4525
827
9884
6885
2538
2427
7952
4903
1831
8215
3479
9548
8300
7617
6624
6456
9098
6991
5773
7340
6937
627
1043
3503
8332
8542
1716
8078
4798
8856
8869
5675
6035
5105
2560
4925
3885
512
9829
5716
8727
3308
1617
3379
7277
8241
9836
6376
1585
1961
3716
8522
8941
1112
8378
7273
9654
94
1704
804
8950
573
2831
4986
2031
5391
9911
5916
2255
9740
7984
7334
9400
9601
7066
3030
4195
6902
9406
5780
5215
9474
4302
4156
586
9032
1430
241
9126
3134
7397
4429
59
229
9415
8442
1972
5678
710
4228
1771
8695
7914
7523
8296
4980
553
8843
8234
6311
4623
3450
5786
5278
7606
6372
4310
5388
2965
9789
4874
6715
4218
1286
6944
3633
9728
8916
5663
439
9496
3786
5486
7411
1310
134
8743
8215
8978
6978
4527
3601
428
313
5231
4386
3037
9542
9775
2355
9331
4649
9070
3549
2287
6014
3534
2016
1282
5549
8807
7131
9336
4293
4542
6998
779
3285
5213
9757
6615
6092
9711
7043
2757
4942
1430
5795
4484
7557
4502
167
8558
3572
68
846
5938
9954
9214
3572
5504
8021
703
1192
8666
1597
8190
9445
1235
9755
9203
7850
5848
8914
4894
8605
3856
2676
4400
4693
6585
5254
1212
5143
8826
1281
2341
1116
7587
1555
4689
3091
5928
5392
635
4594
6990
8825
392
8225
8581
9595
6075
781
4861
7321
9386
5069
6349
139
6114
9286
5393
7327
782
4220
4960
3123
5336
2547
1031
6377
1991
6959
1770
2626
7906
5112
7804
8298
3337
2737
4245
5764
9870
9106
9438
9256
527
2139
9395
6642
1426
4789
321
2208
5361
5281
1683
7049
4180
2714
3427
2523
9674
1549
1502
3932
3013
5658
2230
6350
4747
2827
8466
4617
1933
4256
3873
8812
6396
9621
1806
4174
4410
2127
6382
6123
3760
4417
9524
7941
7132
9303
6816
3158
852
8318
7090
3865
3976
5672
6567
8723
8499
1386
3340
6784
5642
3566
5596
8390
3187
7403
8916
3949
5882
1650
72
9643
6068
9596
3936
3200
5252
752
6358
6104
5423
9800
6322
9399
5472
9241
4475
323
627
4167
7107
2622
4085
9055
7364
7272
6458
6281
7573
2341
7931
3997
8336
3999
9946
2272
3551
5198
9376
9909
1302
4799
6061
3976
551
7885
3218
1378
8208
197
5545
5315
2819
5983
4371
6536
9607
7181
2817
7181
9522
7100
1178
7858
1100
1124
6482
4651
6322
5859
913
3977
658
6974
4305
7561
4860
7523
8939
9420
7721
837
4736
6892
6820
5459
3428
6427
2640
2597
3608
8515
9698
1139
2725
7150
8615
9208
8153
4938
1419
9066
5267
8429
2393
9572
5991
3605
3448
4930
3025
1169
5767
4113
4413
2587
9572
7842
5367
8565
6791
8975
7080
6489
6466
6157
3639
5082
1717
8145
6372
3136
7211
1639
1566
5956
7563
3909
5913
1011
8839
8939
8532
4607
9404
2946
3546
8977
7140
8913
7542
3931
4241
974
6773
707
3483
6764
5789
5201
4909
8513
4689
8473
152
2607
4429
4068
6516
343
5079
5356
5634
9964
6315
5038
2910
9861
367
6402
5127
4261
6685
9368
5235
3458
6427
8719
223
8569
272
5132
7082
4961
3605
3587
7569
4387
7655
437
1082
9086
2145
6716
9050
8460
1754
8312
4674
8474
1066
9801
2735
7752
5521
7971
1210
8300
3042
7785
6869
9666
9270
304
4627
2875
3891
8548
3614
1546
5338
4696
632
7483
1412
6035
5944
9519
4347
6970
7993
1766
3123
728
9518
8644
5051
7080
3296
4445
4866
166
4111
4136
470
5091
3363
713
9991
6978
2259
5329
1674
9243
2813
9439
1630
5109
8958
2330
2079
3303
4096
5202
383
3614
198
5435
694
3494
6232
5560
12
6696
6048
6834
1787
9412
7547
8130
6390
6158
9812
4416
1754
2625
3855
3384
4086
9165
5714
6165
2468
9810
7719
9204
9776
7917
991
471
7763
7223
2383
4128
3919
4784
962
2058
4196
4862
6541
6938
1020
6353
1354
2774
5330
1562
6159
9416
727
1873
1933
9548
8036
9652
8752
7812
3921
9743
4635
8036
3318
3371
2164
3590
8155
9479
5648
8703
4341
8541
1993
5361
4894
3347
8136
224
1261
647
5992
8341
8872
7925
7889
3260
3929
2993
1073
4202
9088
2060
2239
8758
1783
755
2348
9938
234
7997
4993
4575
6538
6986
6289
7785
6686
777
4361
7947
1424
354
2640
6648
4631
6881
9909
4913
9874
7334
9115
5314
9394
7706
4073
1178
8462
6421
7468
5048
770
8814
5976
3661
5800
8617
7798
8838
9394
2159
3138
7170
8865
5778
3818
3497
2660
79
4762
8886
7413
3877
4201
3160
7936
4626
690
6398
7399
4510
7798
4522
3324
3774
4535
5477
2391
8685
667
8137
844
3805
5307
6062
9584
5478
9559
8596
1909
673
7482
9323
4550
8035
8835
2486
9013
9525
5236
6413
4035
9387
7287
3712
9513
8174
9189
8257
6859
9856
6394
4055
14
8054
117
9598
9884
6028
8194
1793
6701
2028
7468
1252
64
6303
90
5429
5828
1679
8194
6216
1066
5481
9928
579
7
5469
8836
6866
1677
1583
922
1691
9637
1039
7641
5873
7068
2187
7666
3769
4216
1487
1373
632
7790
7816
2413
9971
9495
608
6187
6913
2441
2467
7492
2449
4288
2681
9315
5965
616
6589
4009
6605
7629
8002
2478
1049
190
6496
1170
758
7983
2544
7742
5774
360
155
5745
6207
763
8284
3120
3205
7103
6964
2006
7743
5997
1321
60
6613
4263
4069
9570
1892
2072
2048
9293
8614
8545
463
9372
6528
9359
7114
8654
6071
3621
751
2278
4385
5387
1750
3942
2490
5067
5948
233
7416
3621
6646
382
7884
715
9952
6128
9139
2001
5421
7753
546
2237
7125
3426
1596
591
2081
7668
4213
2832
6298
4950
8220
4401
5244
7062
9468
1192
3648
6884
1165
294
7266
9050
7361
3571
5178
6501
5572
6952
4254
2470
9189
7732
2248
785
4675
4329
4805
5240
3514
1104
6542
8086
5505
1786
5148
1325
2978
5148
4561
496
5442
8180
9546
2804
1751
1076
5657
3675
8028
6263
6145
3569
347
8393
707
5023
9075
5512
6615
2589
2968
3158
675
4825
4944
2175
6150
4275
7324
7064
4771
9118
5244
669
8274
6995
1745
3931
670
6126
6547
3167
9695
6894
7912
402
1917
6987
2267
8533
5928
1587
1691
2955
6413
2987
5131
8915
7262
8807
5979
8385
4277
1223
9054
2552
4570
800
2835
1592
3278
9382
1111
2973
6277
9024
9728
4546
2363
8347
9431
8292
9934
7474
1247
6347
462
2730
1615
4076
7889
7594
2462
2167
5170
1516
1071
6092
2316
3906
4037
5594
9641
5148
4920
5918
4172
1000
6816
6536
9347
6248
1180
5633
3722
8779
8333
536
1510
9948
4613
5751
3894
7075
7918
9064
8591
8989
1509
7260
9248
5546
9206
8889
694
478
1159
1219
1478
7975
4107
7177
575
5287
9163
650
4066
7496
1186
1928
7444
2151
7680
7690
9226
1950
6755
4170
7292
4616
7782
6540
162
3340
1781
7208
3819
2940
8427
1649
7267
8886
5179
7843
4173
4342
8493
4592
1838
6031
6520
5634
8183
552
3324
3761
2503
6431
4283
9795
1047
8417
2687
7561
1758
4468
4770
1929
7408
9549
3578
1027
8436
8757
8870
2609
9451
3715
3553
1289
9747
74
3275
4282
626
6600
4395
9481
3031
8679
9276
431
7096
1963
7992
5206
2783
2762
7135
6543
8664
7066
7571
7100
2175
2793
6061
1627
6509
9615
9268
2608
6041
2544
6890
3019
9144
1285
2501
8527
6316
8129
5310
9765
6445
3303
1323
9228
2417
8459
5772
1081
1877
3343
4533
404
6136
595
2031
8997
210
7652
1605
2603
196
4847
5622
5692
2485
4475
571
8801
2605
5882
4918
9050
5537
6242
4630
7954
1053
402
5388
2930
3745
9921
3334
6234
6868
1718
5231
3430
9370
6837
6033
9566
1684
8008
1610
521
8835
2181
9323
1440
8063
4241
6842
3600
6835
1473
7907
7888
8227
9647
818
1973
9568
505
8207
6437
8575
3438
6219
7945
6627
2253
3863
4664
6613
5473
5185
5448
7654
860
3241
5718
5102
6435
